[11888] 13 Sep 17:52:20.866 # --- Memurai is starting ---
[11888] 13 Sep 17:52:20.867 # License file: C:\Program Files\Memurai\memurai-license-dev.txt
[11888] 13 Sep 17:52:20.883 # Memurai licensed to Memurai DEV Team with license ID e17b4bc4-2a56-47de-a2e5-448f505ade57
[11888] 13 Sep 17:52:20.884 # Memurai for Redis version=8.1.240, API=8.2.5, instance-name=, pid=11888, just started
[11888] 13 Sep 17:52:20.885 # This is a Release Candidate version of Memurai
[11888] 13 Sep 17:52:20.885 # Production use is NOT allowed under this license.
[11888] 13 Sep 17:52:20.885 # This Memurai license enforces automatic shutdown after 10 days. For more details see: https://www.memurai.com/faq
[11888] 13 Sep 17:52:20.886 * Configuration loaded
[11888] 13 Sep 17:52:20.890 * monotonic clock: Windows QueryPerformanceCounter
[11888] 13 Sep 17:52:20.898 * Running mode=standalone, port=6379.
[11888] 13 Sep 17:52:20.898 # Memurai license key:
65,1,14,169,166,20,104,73,10,121,171,172,245,53,145,105,67,101,219,167,252,28,158,205,16,248,211,112,118,39,4,123,89,195,68,9,103,55,143,48,224,111,13,88,172,7,174,76,226,149,115,69,111,89,107,96,89,107,183,19,202,151,149,52,153,96,190,210,206,179,17,230,198,221,42,163,228,230,133,255,45,5,170,25,1,44,119,60,206,5,94,30,135,215,158,129,246,239,143,197,194,213,43,174,180,144,96,224,158,59,81,214,2,141,222,149,58,133,6,103,94,84,196,77,109,233,209,130,123,205,170,63,85,185,144,85,61,94,98,142,235,171,41,222,133,89,79,17,41,34,27,103,84,152,148,65,153,130,167,87,142,131,35,44,187,18,184,161,158,104,243,160,24,62,45,197,8,251,220,128,139,46,65,28,51,135,3,114,174,42,38,203,90,244,5,77,170,19,176,132,31,122,52,59,92,195,50,86,60,69,90,50,6,25,186,170,22,210,226,31,85,13,103,30,249,218,142,196,71,34,195,136,88,94,200,240,17,6,176,255,48,144,169,87,107,93,237,174,235,249,97,29,190,72,42,254,181,10,26,189,69,121,219,18,147,45,121,236,196,137,89,100,32,177,35,1[...]
[11888] 13 Sep 17:52:20.908 # Memurai QID = 34205B27B8C6ACAE;BECAF3CFADFA76D7;34205C27B8C6AE61;3420AD27B8C73804
[11888] 13 Sep 17:52:20.910 * Server initialized
[11888] 13 Sep 17:52:20.912 * Ready to accept connections tcp
